1 8 12 17 999 19 21 26 28
5 5 2 5 999 5 5 5 5
6 6 6 6 999 6 6 3 6
7 7 7 4 999 7 7 7 7
999 999 999 999 999 999 999 999 999
999 999 999 999 999 999 999 999 999
999 999 999 999 999 999 999 999 999
999 999 999 999 999 999 999 999 999
5 5 9 5 999 5 5 5 5
10 10 10 10 999 10 10 10 7
999 999 999 999 999 999 999 999 999
999 999 999 999 999 999 999 999 999
13 11 11 11 999 11 11 11 11
6 6 6 6 999 6 6 14 6
15 15 15 15 999 16 15 15 15
999 999 999 999 999 999 999 999 999
999 999 999 999 999 999 999 999 999
5 5 18 5 999 5 5 5 5
6 6 6 6 999 6 6 11 6
5 5 20 5 999 5 5 5 5
6 6 6 6 999 6 6 11 6
10 10 10 10 999 10 10 10 22
23 24 23 23 999 23 23 23 23
999 999 999 999 999 999 999 999 999
7 7 7 25 999 7 7 7 7
999 999 999 999 999 999 999 999 999
5 5 27 5 999 5 5 5 5
7 7 7 10 999 7 7 7 7
5 5 29 5 999 5 5 5 5
7 7 7 30 999 7 7 7 7
6 6 6 6 999 6 6 31 6
999 999 999 999 999 999 999 999 999
33 41 47 52 999 69 999 73 87
40 40 40 40 999 40 999 34 40
999 999 39 37 999 35 999 999 999
999 999 36 999 999 999 999 999 999
999 999 999 999 999 999 999 999 999
999 999 38 999 999 999 999 999 999
999 999 999 999 999 999 999 999 999
999 999 999 38 999 999 999 999 999
999 999 999 999 999 999 999 999 999
45 45 45 45 999 45 999 45 42
46 46 46 43 999 46 999 46 46
999 999 44 999 999 999 999 999 999
999 999 999 999 999 999 999 999 999
999 999 999 999 999 999 999 999 999
999 999 999 999 999 999 999 999 999
40 40 40 40 999 40 999 48 40
49 999 999 50 999 51 999 999 999
999 999 999 999 999 36 999 999 999
38 999 999 999 999 999 999 999 999
36 999 999 999 999 999 999 999 999
53 54 58 999 999 999 999 60 65
56 56 40 56 999 56 999 56 56
45 45 45 45 999 45 999 45 57
999 999 999 999 999 999 999 999 999
999 999 999 999 999 999 999 999 999
999 44 999 999 999 999 999 999 999
45 45 45 45 999 45 999 45 59
999 44 999 999 999 999 999 999 999
61 999 62 999 999 999 999 999 63
999 999 38 999 999 999 999 999 999
38 999 999 999 999 999 999 999 999
999 999 64 999 999 999 999 999 999
999 999 999 999 999 999 999 999 999
999 66 67 999 999 999 999 68 999
999 999 44 999 999 999 999 999 999
999 44 999 999 999 999 999 999 999
999 999 64 999 999 999 999 999 999
70 72 72 72 999 72 999 72 72
40 40 40 40 999 40 999 71 40
999 999 36 999 999 999 999 999 999
999 999 999 999 999 999 999 999 999
74 999 78 82 999 81 999 999 76
999 999 79 77 999 75 999 999 999
999 999 36 999 999 999 999 999 999
56 56 46 56 999 56 999 56 56
56 56 38 56 999 56 999 56 56 
46 46 46 80 999 46 999 46 46
999 999 999 999 999 36 999 999 999
999 999 999 999 999 999 999 999 64
84 72 72 72 999 72 999 72 72
83 999 85 999 999 999 999 999 86
999 999 38 999 999 999 999 999 999
999 999 36 999 999 999 999 999 999
38 999 999 999 999 999 999 999 999
999 999 64 999 999 999 999 999 999
46 46 46 88 999 46 999 46 46
999 89 90 999 999 999 999 91 999
999 999 44 999 999 999 999 999 999
999 44 999 999 999 999 999 999 999
999 999 64 999 999 999 999 999 999
9999